0.05604399999999998 6.300000000000001
-0.3439560000000004 6.25
-0.743955999999999 6.15
-1.1439559999999993 6.0
-1.5439559999999997 5.850000000000001
-1.943956 5.65
-2.3439560000000004 5.350000000000001
-2.693956 5.0
-2.943956 4.600000000000001
-3.143956 4.200000000000001
-3.2939559999999997 3.8000000000000007
-3.493956 3.4000000000000004
-3.743956 3.0
-4.043956 2.6000000000000014
-4.443956 2.200000000000001
-4.743956 1.8000000000000007
-5.043956 1.4000000000000004
-5.393956 1.0
-5.793956 0.6000000000000014
-6.193956 0.20000000000000107
-6.493956 -0.1999999999999993
-6.743956 -0.5999999999999996
-6.893956 -1.0
-7.043956 -1.4000000000000004
-7.043956 -1.7999999999999998
-7.043956 -2.1999999999999993
-6.993956000000001 -2.5999999999999996
-6.843956 -3.0
-6.743956 -3.3999999999999995
-6.693956 -3.8
-6.593956 -4.199999999999999
-6.443956 -4.6
-6.243956 -5.0
-5.943956 -5.3999999999999995
-5.543956 -5.75
-5.143956 -6.0
-4.743956 -6.199999999999999
-4.343956 -6.3
-3.943956 -6.3
-3.5439559999999997 -6.25
-3.243956 -5.9
-3.143956 -5.5
-3.0939560000000004 -5.1
-3.0939560000000004 -4.699999999999999
-3.0939560000000004 -4.3
-3.0939560000000004 -3.8999999999999995
-3.0939560000000004 -3.5
-3.0939560000000004 -3.0999999999999996
-3.0439559999999997 -2.6999999999999993
-2.943956 -2.3
-2.7939559999999997 -1.8999999999999995
-2.5939560000000004 -1.5
-2.3939559999999993 -1.0999999999999996
-2.0439559999999997 -0.7999999999999989
-1.6439559999999993 -0.5499999999999989
-1.243955999999999 -0.4499999999999993
-0.8439560000000004 -0.40000000000000036
-0.443956 -0.34999999999999964
-0.04395599999999966 -0.25
0.3560440000000007 -0.1999999999999993
0.756044000000001 -0.1999999999999993
1.1560439999999996 -0.1999999999999993
1.556044 -0.14999999999999858
1.9560440000000003 -0.14999999999999858
2.3560440000000007 -0.049999999999998934
2.756044000000001 0.0
3.1560439999999996 0.15000000000000036
3.556044 0.25
3.9560440000000003 0.5
4.356044000000001 0.9000000000000004
4.556044 1.3000000000000007
4.706044 1.700000000000001
4.706044 2.1000000000000014
4.706044 2.5
4.656044 2.9000000000000004
4.506044000000001 3.3000000000000007
4.306044 3.700000000000001
4.006044000000001 4.100000000000001
3.6560439999999996 4.5
3.256044000000001 4.800000000000001
2.8560440000000007 5.050000000000001
2.4560440000000003 5.350000000000001
2.056044 5.65
1.6560439999999996 5.950000000000001
1.256044000000001 6.200000000000001
0.8560440000000007 6.300000000000001
0.45604400000000034 6.350000000000001
